8.000000000000000444e-01 1.000000000000000056e-01 1.184516195306989821e+24
8.000000000000000444e-01 1.555555555555555580e-01 1.876435405460405706e+23
8.000000000000000444e-01 2.111111111111111105e-01 3.452401129762176421e+23
8.000000000000000444e-01 2.666666666666666630e-01 1.599504914112782973e+23
8.000000000000000444e-01 3.222222222222221877e-01 2.053523337876607326e+23
8.000000000000000444e-01 3.777777777777777679e-01 5.017908938780546547e+27
8.000000000000000444e-01 4.333333333333333481e-01 2.284878134740011115e+23
8.000000000000000444e-01 4.888888888888888173e-01 3.577602329729175019e+62
8.000000000000000444e-01 5.444444444444443976e-01 6.845526212875765697e+37
8.000000000000000444e-01 5.999999999999999778e-01 3.290411418720087524e+32
9.111111111111112049e-01 1.000000000000000056e-01 2.206775491125764977e+24
9.111111111111112049e-01 1.555555555555555580e-01 1.416600688169921536e+19
9.111111111111112049e-01 2.111111111111111105e-01 6.473319933917738692e+29
9.111111111111112049e-01 2.666666666666666630e-01 9.610916159412496384e+18
9.111111111111112049e-01 3.222222222222221877e-01 2.708869684262834327e+23
9.111111111111112049e-01 3.777777777777777679e-01 6.440001217800397151e+35
9.111111111111112049e-01 4.333333333333333481e-01 1.721472856007470868e+41
9.111111111111112049e-01 4.888888888888888173e-01 8.507403511855577500e+14
9.111111111111112049e-01 5.444444444444443976e-01 2.864810751452674313e+37
9.111111111111112049e-01 5.999999999999999778e-01 3.491553259215737500e+14
1.022222222222222143e+00 1.000000000000000056e-01 1.701416090174463494e+23
1.022222222222222143e+00 1.555555555555555580e-01 6.604684526182927360e+18
1.022222222222222143e+00 2.111111111111111105e-01 6.581453673514287204e+34
1.022222222222222143e+00 2.666666666666666630e-01 1.371518166558763520e+17
1.022222222222222143e+00 3.222222222222221877e-01 5.740397797522287200e+16
1.022222222222222143e+00 3.777777777777777679e-01 3.498114044710016967e+23
1.022222222222222143e+00 4.333333333333333481e-01 1.572886216793877250e+15
1.022222222222222143e+00 4.888888888888888173e-01 3.047377169096734973e+29
1.022222222222222143e+00 5.444444444444443976e-01 1.158553612233374321e+32
1.022222222222222143e+00 5.999999999999999778e-01 1.034453112614533000e+16
1.133333333333333304e+00 1.000000000000000056e-01 1.506340823605057618e+20
1.133333333333333304e+00 1.555555555555555580e-01 1.873952849958169600e+18
1.133333333333333304e+00 2.111111111111111105e-01 1.664703960259160944e+24
1.133333333333333304e+00 2.666666666666666630e-01 2.666372964108505553e+22
1.133333333333333304e+00 3.222222222222221877e-01 1.816528548436218049e+23
1.133333333333333304e+00 3.777777777777777679e-01 3.601697889295430908e+11
1.133333333333333304e+00 4.333333333333333481e-01 6.802692074960165000e+15
1.133333333333333304e+00 4.888888888888888173e-01 6.051392565214233600e+16
1.133333333333333304e+00 5.444444444444443976e-01 7.634368130587951250e+14
1.133333333333333304e+00 5.999999999999999778e-01 2.147898867065715098e+20
1.244444444444444464e+00 1.000000000000000056e-01 6.706048023711619200e+16
1.244444444444444464e+00 1.555555555555555580e-01 1.971979371141218304e+18
1.244444444444444464e+00 2.111111111111111105e-01 4.552350948861551875e+14
1.244444444444444464e+00 2.666666666666666630e-01 3.795435283904379707e+29
1.244444444444444464e+00 3.222222222222221877e-01 1.309054460758880400e+16
1.244444444444444464e+00 3.777777777777777679e-01 4.047837336175101759e+25
1.244444444444444464e+00 4.333333333333333481e-01 7.418031708361351000e+15
1.244444444444444464e+00 4.888888888888888173e-01 2.707109950938350391e+31
1.244444444444444464e+00 5.444444444444443976e-01 3.800459379298811000e+15
1.244444444444444464e+00 5.999999999999999778e-01 7.104027574465821000e+15
1.355555555555555625e+00 1.000000000000000056e-01 2.345549158613149739e+24
1.355555555555555625e+00 1.555555555555555580e-01 1.340047498105502148e+13
1.355555555555555625e+00 2.111111111111111105e-01 4.646996721883773980e+22
1.355555555555555625e+00 2.666666666666666630e-01 7.193502423049214062e+13
1.355555555555555625e+00 3.222222222222221877e-01 1.208181645514849250e+15
1.355555555555555625e+00 3.777777777777777679e-01 1.061698646900905535e+34
1.355555555555555625e+00 4.333333333333333481e-01 8.974217138515627520e+17
1.355555555555555625e+00 4.888888888888888173e-01 1.127715721653543520e+17
1.355555555555555625e+00 5.444444444444443976e-01 1.591642750385368438e+14
1.355555555555555625e+00 5.999999999999999778e-01 1.337720073568425216e+18
1.466666666666666785e+00 1.000000000000000056e-01 4.341130796739985352e+11
1.466666666666666785e+00 1.555555555555555580e-01 4.834138143043411554e+34
1.466666666666666785e+00 2.111111111111111105e-01 4.888845846949575040e+17
1.466666666666666785e+00 2.666666666666666630e-01 1.401519756165037750e+15
1.466666666666666785e+00 3.222222222222221877e-01 1.054779630797542603e+12
1.466666666666666785e+00 3.777777777777777679e-01 1.123132470541732800e+17
1.466666666666666785e+00 4.333333333333333481e-01 1.434132032364276299e+22
1.466666666666666785e+00 4.888888888888888173e-01 1.145964923552032358e+19
1.466666666666666785e+00 5.444444444444443976e-01 2.773885602448351562e+13
1.466666666666666785e+00 5.999999999999999778e-01 1.770377977497864532e+10
1.577777777777777724e+00 1.000000000000000056e-01 3.652906967700314453e+12
1.577777777777777724e+00 1.555555555555555580e-01 1.059418665142317800e+16
1.577777777777777724e+00 2.111111111111111105e-01 2.279024344094950867e+11
1.577777777777777724e+00 2.666666666666666630e-01 6.109266239706108398e+12
1.577777777777777724e+00 3.222222222222221877e-01 8.454691308175179443e+11
1.577777777777777724e+00 3.777777777777777679e-01 2.310121787290953369e+11
1.577777777777777724e+00 4.333333333333333481e-01 2.539351612710456467e+10
1.577777777777777724e+00 4.888888888888888173e-01 5.976028484515635000e+15
1.577777777777777724e+00 5.444444444444443976e-01 9.329566325947096000e+15
1.577777777777777724e+00 5.999999999999999778e-01 2.661875153223853539e+21
1.688888888888888884e+00 1.000000000000000056e-01 4.416233208414675903e+10
1.688888888888888884e+00 1.555555555555555580e-01 1.149604539999138336e+11
1.688888888888888884e+00 2.111111111111111105e-01 7.613817066968953125e+13
1.688888888888888884e+00 2.666666666666666630e-01 3.435438504899212500e+14
1.688888888888888884e+00 3.222222222222221877e-01 6.577476079487728800e+16
1.688888888888888884e+00 3.777777777777777679e-01 1.194333467292505500e+15
1.688888888888888884e+00 4.333333333333333481e-01 4.349033837606804000e+15
1.688888888888888884e+00 4.888888888888888173e-01 4.752772410838167000e+15
1.688888888888888884e+00 5.444444444444443976e-01 4.099850057037412524e+08
1.688888888888888884e+00 5.999999999999999778e-01 3.949338858049423828e+11
1.800000000000000044e+00 1.000000000000000056e-01 5.033827926054625977e+12
1.800000000000000044e+00 1.555555555555555580e-01 5.652945673436848450e+10
1.800000000000000044e+00 2.111111111111111105e-01 7.297622661711120117e+12
1.800000000000000044e+00 2.666666666666666630e-01 9.101454624561776000e+15
1.800000000000000044e+00 3.222222222222221877e-01 4.196451940725941162e+11
1.800000000000000044e+00 3.777777777777777679e-01 4.093274993446707520e+12
1.800000000000000044e+00 4.333333333333333481e-01 3.377522505118025970e+10
1.800000000000000044e+00 4.888888888888888173e-01 7.217245331311336250e+14
1.800000000000000044e+00 5.444444444444443976e-01 2.706690570727059631e+11
1.800000000000000044e+00 5.999999999999999778e-01 8.663237876109708750e+14
